0 0.2552272280848369 0.2487807572522785 0.30215804314642564
1 0.1813034366378585 0.20486211927518785 0.2518263374850745
2 0.1811418760772162 0.20446385960956093 0.24686039168302604
3 0.18211691821913184 0.20459646040973367 0.24689201999068694
4 0.180356427542768 0.2030920908515186 0.24490525282717074
5 0.17947675015378559 0.20201119583558885 0.2424168938425998
6 0.17893420914212343 0.20184740984281427 0.24160954567054574
7 0.1783878148224584 0.20134500446952233 0.24116904068131595
8 0.17837536407941004 0.20190012513200695 0.24154143881461906
9 0.1779605552398505 0.2015114871786787 0.24119822527401105
10 0.17765415555970165 0.20008984608924396 0.23861306797931675
11 0.17764155422349512 0.20080178499616907 0.2386557430530396
12 0.17702965304527832 0.2003317647807546 0.2386187437375403
13 0.17715957726573198 0.20043919994112283 0.23833400260799534
